{
 "cells": [
  {
   "cell_type": "code",
   "execution_count": 1,
   "metadata": {
    "collapsed": true
   },
   "outputs": [
    {
     "name": "stdout",
     "output_type": "stream",
     "text": [
      "{'data': array([[ 5.1,  3.5,  1.4,  0.2],\n",
      "       [ 4.9,  3. ,  1.4,  0.2],\n",
      "       [ 4.7,  3.2,  1.3,  0.2],\n",
      "       [ 4.6,  3.1,  1.5,  0.2],\n",
      "       [ 5. ,  3.6,  1.4,  0.2],\n",
      "       [ 5.4,  3.9,  1.7,  0.4],\n",
      "       [ 4.6,  3.4,  1.4,  0.3],\n",
      "       [ 5. ,  3.4,  1.5,  0.2],\n",
      "       [ 4.4,  2.9,  1.4,  0.2],\n",
      "       [ 4.9,  3.1,  1.5,  0.1],\n",
      "       [ 5.4,  3.7,  1.5,  0.2],\n",
      "       [ 4.8,  3.4,  1.6,  0.2],\n",
      "       [ 4.8,  3. ,  1.4,  0.1],\n",
      "       [ 4.3,  3. ,  1.1,  0.1],\n",
      "       [ 5.8,  4. ,  1.2,  0.2],\n",
      "       [ 5.7,  4.4,  1.5,  0.4],\n",
      "       [ 5.4,  3.9,  1.3,  0.4],\n",
      "       [ 5.1,  3.5,  1.4,  0.3],\n",
      "       [ 5.7,  3.8,  1.7,  0.3],\n",
      "       [ 5.1,  3.8,  1.5,  0.3],\n",
      "       [ 5.4,  3.4,  1.7,  0.2],\n",
      "       [ 5.1,  3.7,  1.5,  0.4],\n",
      "       [ 4.6,  3.6,  1. ,  0.2],\n",
      "       [ 5.1,  3.3,  1.7,  0.5],\n",
      "       [ 4.8,  3.4,  1.9,  0.2],\n",
      "       [ 5. ,  3. ,  1.6,  0.2],\n",
      "       [ 5. ,  3.4,  1.6,  0.4],\n",
      "       [ 5.2,  3.5,  1.5,  0.2],\n",
      "       [ 5.2,  3.4,  1.4,  0.2],\n",
      "       [ 4.7,  3.2,  1.6,  0.2],\n",
      "       [ 4.8,  3.1,  1.6,  0.2],\n",
      "       [ 5.4,  3.4,  1.5,  0.4],\n",
      "       [ 5.2,  4.1,  1.5,  0.1],\n",
      "       [ 5.5,  4.2,  1.4,  0.2],\n",
      "       [ 4.9,  3.1,  1.5,  0.1],\n",
      "       [ 5. ,  3.2,  1.2,  0.2],\n",
      "       [ 5.5,  3.5,  1.3,  0.2],\n",
      "       [ 4.9,  3.1,  1.5,  0.1],\n",
      "       [ 4.4,  3. ,  1.3,  0.2],\n",
      "       [ 5.1,  3.4,  1.5,  0.2],\n",
      "       [ 5. ,  3.5,  1.3,  0.3],\n",
      "       [ 4.5,  2.3,  1.3,  0.3],\n",
      "       [ 4.4,  3.2,  1.3,  0.2],\n",
      "       [ 5. ,  3.5,  1.6,  0.6],\n",
      "       [ 5.1,  3.8,  1.9,  0.4],\n",
      "       [ 4.8,  3. ,  1.4,  0.3],\n",
      "       [ 5.1,  3.8,  1.6,  0.2],\n",
      "       [ 4.6,  3.2,  1.4,  0.2],\n",
      "       [ 5.3,  3.7,  1.5,  0.2],\n",
      "       [ 5. ,  3.3,  1.4,  0.2],\n",
      "       [ 7. ,  3.2,  4.7,  1.4],\n",
      "       [ 6.4,  3.2,  4.5,  1.5],\n",
      "       [ 6.9,  3.1,  4.9,  1.5],\n",
      "       [ 5.5,  2.3,  4. ,  1.3],\n",
      "       [ 6.5,  2.8,  4.6,  1.5],\n",
      "       [ 5.7,  2.8,  4.5,  1.3],\n",
      "       [ 6.3,  3.3,  4.7,  1.6],\n",
      "       [ 4.9,  2.4,  3.3,  1. ],\n",
      "       [ 6.6,  2.9,  4.6,  1.3],\n",
      "       [ 5.2,  2.7,  3.9,  1.4],\n",
      "       [ 5. ,  2. ,  3.5,  1. ],\n",
      "       [ 5.9,  3. ,  4.2,  1.5],\n",
      "       [ 6. ,  2.2,  4. ,  1. ],\n",
      "       [ 6.1,  2.9,  4.7,  1.4],\n",
      "       [ 5.6,  2.9,  3.6,  1.3],\n",
      "       [ 6.7,  3.1,  4.4,  1.4],\n",
      "       [ 5.6,  3. ,  4.5,  1.5],\n",
      "       [ 5.8,  2.7,  4.1,  1. ],\n",
      "       [ 6.2,  2.2,  4.5,  1.5],\n",
      "       [ 5.6,  2.5,  3.9,  1.1],\n",
      "       [ 5.9,  3.2,  4.8,  1.8],\n",
      "       [ 6.1,  2.8,  4. ,  1.3],\n",
      "       [ 6.3,  2.5,  4.9,  1.5],\n",
      "       [ 6.1,  2.8,  4.7,  1.2],\n",
      "       [ 6.4,  2.9,  4.3,  1.3],\n",
      "       [ 6.6,  3. ,  4.4,  1.4],\n",
      "       [ 6.8,  2.8,  4.8,  1.4],\n",
      "       [ 6.7,  3. ,  5. ,  1.7],\n",
      "       [ 6. ,  2.9,  4.5,  1.5],\n",
      "       [ 5.7,  2.6,  3.5,  1. ],\n",
      "       [ 5.5,  2.4,  3.8,  1.1],\n",
      "       [ 5.5,  2.4,  3.7,  1. ],\n",
      "       [ 5.8,  2.7,  3.9,  1.2],\n",
      "       [ 6. ,  2.7,  5.1,  1.6],\n",
      "       [ 5.4,  3. ,  4.5,  1.5],\n",
      "       [ 6. ,  3.4,  4.5,  1.6],\n",
      "       [ 6.7,  3.1,  4.7,  1.5],\n",
      "       [ 6.3,  2.3,  4.4,  1.3],\n",
      "       [ 5.6,  3. ,  4.1,  1.3],\n",
      "       [ 5.5,  2.5,  4. ,  1.3],\n",
      "       [ 5.5,  2.6,  4.4,  1.2],\n",
      "       [ 6.1,  3. ,  4.6,  1.4],\n",
      "       [ 5.8,  2.6,  4. ,  1.2],\n",
      "       [ 5. ,  2.3,  3.3,  1. ],\n",
      "       [ 5.6,  2.7,  4.2,  1.3],\n",
      "       [ 5.7,  3. ,  4.2,  1.2],\n",
      "       [ 5.7,  2.9,  4.2,  1.3],\n",
      "       [ 6.2,  2.9,  4.3,  1.3],\n",
      "       [ 5.1,  2.5,  3. ,  1.1],\n",
      "       [ 5.7,  2.8,  4.1,  1.3],\n",
      "       [ 6.3,  3.3,  6. ,  2.5],\n",
      "       [ 5.8,  2.7,  5.1,  1.9],\n",
      "       [ 7.1,  3. ,  5.9,  2.1],\n",
      "       [ 6.3,  2.9,  5.6,  1.8],\n",
      "       [ 6.5,  3. ,  5.8,  2.2],\n",
      "       [ 7.6,  3. ,  6.6,  2.1],\n",
      "       [ 4.9,  2.5,  4.5,  1.7],\n",
      "       [ 7.3,  2.9,  6.3,  1.8],\n",
      "       [ 6.7,  2.5,  5.8,  1.8],\n",
      "       [ 7.2,  3.6,  6.1,  2.5],\n",
      "       [ 6.5,  3.2,  5.1,  2. ],\n",
      "       [ 6.4,  2.7,  5.3,  1.9],\n",
      "       [ 6.8,  3. ,  5.5,  2.1],\n",
      "       [ 5.7,  2.5,  5. ,  2. ],\n",
      "       [ 5.8,  2.8,  5.1,  2.4],\n",
      "       [ 6.4,  3.2,  5.3,  2.3],\n",
      "       [ 6.5,  3. ,  5.5,  1.8],\n",
      "       [ 7.7,  3.8,  6.7,  2.2],\n",
      "       [ 7.7,  2.6,  6.9,  2.3],\n",
      "       [ 6. ,  2.2,  5. ,  1.5],\n",
      "       [ 6.9,  3.2,  5.7,  2.3],\n",
      "       [ 5.6,  2.8,  4.9,  2. ],\n",
      "       [ 7.7,  2.8,  6.7,  2. ],\n",
      "       [ 6.3,  2.7,  4.9,  1.8],\n",
      "       [ 6.7,  3.3,  5.7,  2.1],\n",
      "       [ 7.2,  3.2,  6. ,  1.8],\n",
      "       [ 6.2,  2.8,  4.8,  1.8],\n",
      "       [ 6.1,  3. ,  4.9,  1.8],\n",
      "       [ 6.4,  2.8,  5.6,  2.1],\n",
      "       [ 7.2,  3. ,  5.8,  1.6],\n",
      "       [ 7.4,  2.8,  6.1,  1.9],\n",
      "       [ 7.9,  3.8,  6.4,  2. ],\n",
      "       [ 6.4,  2.8,  5.6,  2.2],\n",
      "       [ 6.3,  2.8,  5.1,  1.5],\n",
      "       [ 6.1,  2.6,  5.6,  1.4],\n",
      "       [ 7.7,  3. ,  6.1,  2.3],\n",
      "       [ 6.3,  3.4,  5.6,  2.4],\n",
      "       [ 6.4,  3.1,  5.5,  1.8],\n",
      "       [ 6. ,  3. ,  4.8,  1.8],\n",
      "       [ 6.9,  3.1,  5.4,  2.1],\n",
      "       [ 6.7,  3.1,  5.6,  2.4],\n",
      "       [ 6.9,  3.1,  5.1,  2.3],\n",
      "       [ 5.8,  2.7,  5.1,  1.9],\n",
      "       [ 6.8,  3.2,  5.9,  2.3],\n",
      "       [ 6.7,  3.3,  5.7,  2.5],\n",
      "       [ 6.7,  3. ,  5.2,  2.3],\n",
      "       [ 6.3,  2.5,  5. ,  1.9],\n",
      "       [ 6.5,  3. ,  5.2,  2. ],\n",
      "       [ 6.2,  3.4,  5.4,  2.3],\n",
      "       [ 5.9,  3. ,  5.1,  1.8]]), 'target': array([0, 0, 0, 0, 0, 0, 0, 0, 0, 0, 0, 0, 0, 0, 0, 0, 0, 0, 0, 0, 0, 0, 0,\n",
      "       0, 0, 0, 0, 0, 0, 0, 0, 0, 0, 0, 0, 0, 0, 0, 0, 0, 0, 0, 0, 0, 0, 0,\n",
      "       0, 0, 0, 0, 1, 1, 1, 1, 1, 1, 1, 1, 1, 1, 1, 1, 1, 1, 1, 1, 1, 1, 1,\n",
      "       1, 1, 1, 1, 1, 1, 1, 1, 1, 1, 1, 1, 1, 1, 1, 1, 1, 1, 1, 1, 1, 1, 1,\n",
      "       1, 1, 1, 1, 1, 1, 1, 1, 2, 2, 2, 2, 2, 2, 2, 2, 2, 2, 2, 2, 2, 2, 2,\n",
      "       2, 2, 2, 2, 2, 2, 2, 2, 2, 2, 2, 2, 2, 2, 2, 2, 2, 2, 2, 2, 2, 2, 2,\n",
      "       2, 2, 2, 2, 2, 2, 2, 2, 2, 2, 2, 2]), 'target_names': array(['setosa', 'versicolor', 'virginica'],\n",
      "      dtype='<U10'), 'DESCR': 'Iris Plants Database\\n====================\\n\\nNotes\\n-----\\nData Set Characteristics:\\n    :Number of Instances: 150 (50 in each of three classes)\\n    :Number of Attributes: 4 numeric, predictive attributes and the class\\n    :Attribute Information:\\n        - sepal length in cm\\n        - sepal width in cm\\n        - petal length in cm\\n        - petal width in cm\\n        - class:\\n                - Iris-Setosa\\n                - Iris-Versicolour\\n                - Iris-Virginica\\n    :Summary Statistics:\\n\\n    ============== ==== ==== ======= ===== ====================\\n                    Min  Max   Mean    SD   Class Correlation\\n    ============== ==== ==== ======= ===== ====================\\n    sepal length:   4.3  7.9   5.84   0.83    0.7826\\n    sepal width:    2.0  4.4   3.05   0.43   -0.4194\\n    petal length:   1.0  6.9   3.76   1.76    0.9490  (high!)\\n    petal width:    0.1  2.5   1.20  0.76     0.9565  (high!)\\n    ============== ==== ==== ======= ===== ====================\\n\\n    :Missing Attribute Values: None\\n    :Class Distribution: 33.3% for each of 3 classes.\\n    :Creator: R.A. Fisher\\n    :Donor: Michael Marshall (MARSHALL%PLU@io.arc.nasa.gov)\\n    :Date: July, 1988\\n\\nThis is a copy of UCI ML iris datasets.\\nhttp://archive.ics.uci.edu/ml/datasets/Iris\\n\\nThe famous Iris database, first used by Sir R.A Fisher\\n\\nThis is perhaps the best known database to be found in the\\npattern recognition literature.  Fisher\\'s paper is a classic in the field and\\nis referenced frequently to this day.  (See Duda & Hart, for example.)  The\\ndata set contains 3 classes of 50 instances each, where each class refers to a\\ntype of iris plant.  One class is linearly separable from the other 2; the\\nlatter are NOT linearly separable from each other.\\n\\nReferences\\n----------\\n   - Fisher,R.A. \"The use of multiple measurements in taxonomic problems\"\\n     Annual Eugenics, 7, Part II, 179-188 (1936); also in \"Contributions to\\n     Mathematical Statistics\" (John Wiley, NY, 1950).\\n   - Duda,R.O., & Hart,P.E. (1973) Pattern Classification and Scene Analysis.\\n     (Q327.D83) John Wiley & Sons.  ISBN 0-471-22361-1.  See page 218.\\n   - Dasarathy, B.V. (1980) \"Nosing Around the Neighborhood: A New System\\n     Structure and Classification Rule for Recognition in Partially Exposed\\n     Environments\".  IEEE Transactions on Pattern Analysis and Machine\\n     Intelligence, Vol. PAMI-2, No. 1, 67-71.\\n   - Gates, G.W. (1972) \"The Reduced Nearest Neighbor Rule\".  IEEE Transactions\\n     on Information Theory, May 1972, 431-433.\\n   - See also: 1988 MLC Proceedings, 54-64.  Cheeseman et al\"s AUTOCLASS II\\n     conceptual clustering system finds 3 classes in the data.\\n   - Many, many more ...\\n', 'feature_names': ['sepal length (cm)', 'sepal width (cm)', 'petal length (cm)', 'petal width (cm)']}\n"
     ]
    }
   ],
   "source": [
    "from sklearn import datasets\n",
    "iris = datasets.load_iris()\n",
    "print(iris)"
   ]
  },
  {
   "cell_type": "code",
   "execution_count": 3,
   "metadata": {
    "collapsed": true
   },
   "outputs": [
    {
     "name": "stdout",
     "output_type": "stream",
     "text": [
      "     outlook  temp humidity  windy play\n",
      "0      sunny   hot     high  False   no\n",
      "1      sunny   hot     high   True   no\n",
      "2   overcast   hot     high  False  yes\n",
      "3      rainy  mild     high  False  yes\n",
      "4      rainy  cool   normal  False  yes\n",
      "5      rainy  cool   normal   True   no\n",
      "6   overcast  cool   normal   True  yes\n",
      "7      sunny  mild     high  False   no\n",
      "8      sunny  cool   normal  False  yes\n",
      "9      rainy  mild   normal  False  yes\n",
      "10     sunny  mild   normal   True  yes\n",
      "11  overcast  mild     high   True  yes\n",
      "12  overcast   hot   normal  False  yes\n",
      "13     rainy  mild     high   True   no\n"
     ]
    }
   ],
   "source": [
    "import pandas as panda\n",
    "play_tennis = panda.read_csv(\"Tennis.csv\")\n",
    "print(play_tennis)"
   ]
  },
  {
   "cell_type": "code",
   "execution_count": 5,
   "metadata": {
    "collapsed": true
   },
   "outputs": [
    {
     "data": {
      "text/plain": [
       "array([[ 0.75203199,  0.16090571,  0.08706229],\n",
       "       [ 0.68449076,  0.19961428,  0.11589496],\n",
       "       [ 0.71655395,  0.18031248,  0.10313357],\n",
       "       [ 0.66789673,  0.20853796,  0.12356531],\n",
       "       [ 0.75923862,  0.15641199,  0.08434939],\n",
       "       [ 0.71232842,  0.18631933,  0.10135225],\n",
       "       [ 0.69283061,  0.19413936,  0.11303003],\n",
       "       [ 0.72230231,  0.1784813 ,  0.09921639],\n",
       "       [ 0.64908034,  0.21795677,  0.13296289],\n",
       "       [ 0.71016301,  0.18515188,  0.10468511],\n",
       "       [ 0.7706877 ,  0.15071277,  0.07859954],\n",
       "       [ 0.69872772,  0.19198923,  0.10928305],\n",
       "       [ 0.70928234,  0.18501507,  0.10570259],\n",
       "       [ 0.73423744,  0.16829862,  0.09746394],\n",
       "       [ 0.84434639,  0.10536809,  0.05028552],\n",
       "       [ 0.80368141,  0.13133624,  0.06498235],\n",
       "       [ 0.76946455,  0.15105144,  0.07948401],\n",
       "       [ 0.7255851 ,  0.17657409,  0.09784082],\n",
       "       [ 0.73970806,  0.17070375,  0.08958819],\n",
       "       [ 0.74545506,  0.16522966,  0.08931528],\n",
       "       [ 0.70811072,  0.18854972,  0.10333956],\n",
       "       [ 0.70648697,  0.18818499,  0.10532804],\n",
       "       [ 0.7969896 ,  0.13199963,  0.07101077],\n",
       "       [ 0.58777843,  0.25618981,  0.15603175],\n",
       "       [ 0.64951166,  0.22132827,  0.12916007],\n",
       "       [ 0.65586031,  0.21701444,  0.12712524],\n",
       "       [ 0.647116  ,  0.22224047,  0.13064353],\n",
       "       [ 0.74167829,  0.16758828,  0.09073344],\n",
       "       [ 0.74468171,  0.16548141,  0.08983688],\n",
       "       [ 0.66886376,  0.20873516,  0.12240109],\n",
       "       [ 0.66014838,  0.21396507,  0.12588655],\n",
       "       [ 0.68161377,  0.20339924,  0.11498699],\n",
       "       [ 0.82411012,  0.11766438,  0.0582255 ],\n",
       "       [ 0.83205074,  0.11304195,  0.05490731],\n",
       "       [ 0.71016301,  0.18515188,  0.10468511],\n",
       "       [ 0.74308517,  0.1652924 ,  0.09162243],\n",
       "       [ 0.77963634,  0.14494298,  0.07542068],\n",
       "       [ 0.71016301,  0.18515188,  0.10468511],\n",
       "       [ 0.67897883,  0.20084314,  0.12017803],\n",
       "       [ 0.72628321,  0.17640557,  0.09731122],\n",
       "       [ 0.73635517,  0.16968093,  0.09396391],\n",
       "       [ 0.55384513,  0.26927796,  0.17687691],\n",
       "       [ 0.70420272,  0.18658505,  0.10921223],\n",
       "       [ 0.59635556,  0.25075085,  0.15289358],\n",
       "       [ 0.65439735,  0.21981277,  0.12578988],\n",
       "       [ 0.64951064,  0.21917004,  0.13131933],\n",
       "       [ 0.75711005,  0.1585194 ,  0.08437054],\n",
       "       [ 0.69691278,  0.19168277,  0.11140445],\n",
       "       [ 0.76716311,  0.15262537,  0.08021152],\n",
       "       [ 0.72544435,  0.17629024,  0.09826541],\n",
       "       [ 0.05616304,  0.51141127,  0.4324257 ],\n",
       "       [ 0.05045622,  0.50190524,  0.44763854],\n",
       "       [ 0.03940412,  0.50636507,  0.4542308 ],\n",
       "       [ 0.04710523,  0.48480988,  0.46808489],\n",
       "       [ 0.03801645,  0.49775392,  0.46422963],\n",
       "       [ 0.04556145,  0.49250736,  0.4619312 ],\n",
       "       [ 0.03966245,  0.49873204,  0.46160551],\n",
       "       [ 0.10701789,  0.47535669,  0.41762542],\n",
       "       [ 0.0536651 ,  0.50530072,  0.44103419],\n",
       "       [ 0.05251353,  0.48336562,  0.46412085],\n",
       "       [ 0.07633356,  0.47948527,  0.44418117],\n",
       "       [ 0.05056292,  0.49342004,  0.45601704],\n",
       "       [ 0.07291747,  0.49453526,  0.43254727],\n",
       "       [ 0.03955223,  0.49594088,  0.46450688],\n",
       "       [ 0.08936249,  0.48762276,  0.42301475],\n",
       "       [ 0.06195976,  0.50612926,  0.43191098],\n",
       "       [ 0.03831622,  0.48825946,  0.47342431],\n",
       "       [ 0.0863508 ,  0.49450781,  0.41914139],\n",
       "       [ 0.02709303,  0.48373491,  0.48917206],\n",
       "       [ 0.07519686,  0.49028178,  0.43452135],\n",
       "       [ 0.02440995,  0.4828392 ,  0.49275084],\n",
       "       [ 0.07042286,  0.49642936,  0.43314778],\n",
       "       [ 0.02455796,  0.48683709,  0.48860495],\n",
       "       [ 0.04880578,  0.49984347,  0.45135075],\n",
       "       [ 0.06389132,  0.50205774,  0.43405094],\n",
       "       [ 0.05742052,  0.50419335,  0.43838613],\n",
       "       [ 0.03993759,  0.50401099,  0.45605142],\n",
       "       [ 0.02528131,  0.49378132,  0.48093736],\n",
       "       [ 0.03918748,  0.49255696,  0.46825556],\n",
       "       [ 0.1206129 ,  0.48274379,  0.39664332],\n",
       "       [ 0.0748217 ,  0.48808052,  0.43709778],\n",
       "       [ 0.09117508,  0.48671672,  0.4221082 ],\n",
       "       [ 0.07675253,  0.49259019,  0.43065728],\n",
       "       [ 0.01952175,  0.47919808,  0.50128017],\n",
       "       [ 0.0367986 ,  0.48532662,  0.47787478],\n",
       "       [ 0.04575051,  0.49665456,  0.45759493],\n",
       "       [ 0.04377224,  0.50435344,  0.45187432],\n",
       "       [ 0.04137786,  0.49450702,  0.46411511],\n",
       "       [ 0.06664472,  0.49270322,  0.44065206],\n",
       "       [ 0.05283801,  0.4871102 ,  0.46005178],\n",
       "       [ 0.04794017,  0.4900128 ,  0.46204703],\n",
       "       [ 0.04505918,  0.49770389,  0.45723693],\n",
       "       [ 0.0676616 ,  0.49295412,  0.43938428],\n",
       "       [ 0.1033085 ,  0.47658754,  0.42010396],\n",
       "       [ 0.05234803,  0.49047033,  0.45718164],\n",
       "       [ 0.07213391,  0.49516342,  0.43270267],\n",
       "       [ 0.0598313 ,  0.49357345,  0.44659525],\n",
       "       [ 0.06145081,  0.49977467,  0.43877452],\n",
       "       [ 0.12643795,  0.47099626,  0.40256579],\n",
       "       [ 0.06070342,  0.4924782 ,  0.44681837],\n",
       "       [ 0.0042955 ,  0.43723717,  0.55846733],\n",
       "       [ 0.01234151,  0.46132786,  0.52633063],\n",
       "       [ 0.00804196,  0.46804151,  0.52391653],\n",
       "       [ 0.01220374,  0.4719262 ,  0.51587006],\n",
       "       [ 0.00663872,  0.45347587,  0.53988541],\n",
       "       [ 0.00526335,  0.46448324,  0.53025341],\n",
       "       [ 0.01877963,  0.45982004,  0.52140033],\n",
       "       [ 0.0088868 ,  0.47816164,  0.51295156],\n",
       "       [ 0.00897388,  0.46607468,  0.52495144],\n",
       "       [ 0.00578841,  0.45971014,  0.53450145],\n",
       "       [ 0.01677457,  0.48014283,  0.50308259],\n",
       "       [ 0.01204406,  0.46873836,  0.51921758],\n",
       "       [ 0.01020869,  0.46951911,  0.5202722 ],\n",
       "       [ 0.0100408 ,  0.45127554,  0.53868367],\n",
       "       [ 0.00649696,  0.43748008,  0.55602296],\n",
       "       [ 0.00930427,  0.46015047,  0.53054526],\n",
       "       [ 0.01456352,  0.47933745,  0.50609903],\n",
       "       [ 0.00702627,  0.47944937,  0.51352435],\n",
       "       [ 0.00253012,  0.4388473 ,  0.55862257],\n",
       "       [ 0.01793058,  0.47433015,  0.50773927],\n",
       "       [ 0.00764407,  0.46221754,  0.53013839],\n",
       "       [ 0.01270343,  0.45832067,  0.52897589],\n",
       "       [ 0.00508153,  0.46485081,  0.53006765],\n",
       "       [ 0.01829021,  0.47785801,  0.50385178],\n",
       "       [ 0.01030084,  0.47164088,  0.51805829],\n",
       "       [ 0.01305643,  0.48854867,  0.4983949 ],\n",
       "       [ 0.02048499,  0.47963663,  0.49987838],\n",
       "       [ 0.02097735,  0.48087632,  0.49814633],\n",
       "       [ 0.00771013,  0.45561321,  0.53667666],\n",
       "       [ 0.01775039,  0.49657519,  0.48567443],\n",
       "       [ 0.00863886,  0.47567646,  0.51568469],\n",
       "       [ 0.01213462,  0.49867869,  0.48918669],\n",
       "       [ 0.00669855,  0.45021395,  0.5430875 ],\n",
       "       [ 0.02528409,  0.49048657,  0.48422934],\n",
       "       [ 0.01705235,  0.48108164,  0.50186601],\n",
       "       [ 0.00592661,  0.46457057,  0.52950282],\n",
       "       [ 0.00712125,  0.45269329,  0.54018547],\n",
       "       [ 0.01514248,  0.47987549,  0.50498204],\n",
       "       [ 0.02213426,  0.48045724,  0.4974085 ],\n",
       "       [ 0.0119365 ,  0.47535905,  0.51270445],\n",
       "       [ 0.00646304,  0.45242581,  0.54111115],\n",
       "       [ 0.01131574,  0.4700604 ,  0.51862386],\n",
       "       [ 0.01234151,  0.46132786,  0.52633063],\n",
       "       [ 0.00643277,  0.45678109,  0.53678614],\n",
       "       [ 0.00587581,  0.45021579,  0.5439084 ],\n",
       "       [ 0.00947358,  0.46237113,  0.52815529],\n",
       "       [ 0.01310372,  0.46704681,  0.51984947],\n",
       "       [ 0.01380969,  0.47411641,  0.5120739 ],\n",
       "       [ 0.00933287,  0.45973346,  0.53093367],\n",
       "       [ 0.01733739,  0.4748122 ,  0.50785041]])"
      ]
     },
     "execution_count": 5,
     "metadata": {},
     "output_type": "execute_result"
    }
   ],
   "source": [
    "from sklearn import datasets\n",
    "iris = datasets.load_iris()\n",
    "from sklearn.naive_bayes import MultinomialNB\n",
    "naive_bayes = MultinomialNB()\n",
    "prediction = naive_bayes.fit(iris.data, iris.target).predict(iris.data)\n",
    "naive_bayes.predict_proba(iris.data)"
   ]
  },
  {
   "cell_type": "code",
   "execution_count": 2,
   "metadata": {},
   "outputs": [
    {
     "data": {
      "image/svg+xml": [
       "<?xml version=\"1.0\" encoding=\"UTF-8\" standalone=\"no\"?>\r\n",
       "<!DOCTYPE svg PUBLIC \"-//W3C//DTD SVG 1.1//EN\"\r\n",
       " \"http://www.w3.org/Graphics/SVG/1.1/DTD/svg11.dtd\">\r\n",
       "<!-- Generated by graphviz version 2.38.0 (20140413.2041)\r\n",
       " -->\r\n",
       "<!-- Title: Tree Pages: 1 -->\r\n",
       "<svg width=\"892pt\" height=\"671pt\"\r\n",
       " viewBox=\"0.00 0.00 892.00 671.00\" xmlns=\"http://www.w3.org/2000/svg\" xmlns:xlink=\"http://www.w3.org/1999/xlink\">\r\n",
       "<g id=\"graph0\" class=\"graph\" transform=\"scale(1 1) rotate(0) translate(4 667)\">\r\n",
       "<title>Tree</title>\r\n",
       "<polygon fill=\"white\" stroke=\"none\" points=\"-4,4 -4,-667 888,-667 888,4 -4,4\"/>\r\n",
       "<!-- 0 -->\r\n",
       "<g id=\"node1\" class=\"node\"><title>0</title>\r\n",
       "<path fill=\"none\" stroke=\"black\" d=\"M529,-663C529,-663 402,-663 402,-663 396,-663 390,-657 390,-651 390,-651 390,-592 390,-592 390,-586 396,-580 402,-580 402,-580 529,-580 529,-580 535,-580 541,-586 541,-592 541,-592 541,-651 541,-651 541,-657 535,-663 529,-663\"/>\r\n",
       "<text text-anchor=\"start\" x=\"398\" y=\"-647.8\" font-family=\"Helvetica,sans-Serif\" font-size=\"14.00\">petal width (cm) ≤ 0.8</text>\r\n",
       "<text text-anchor=\"start\" x=\"428\" y=\"-632.8\" font-family=\"Helvetica,sans-Serif\" font-size=\"14.00\">gini = 0.667</text>\r\n",
       "<text text-anchor=\"start\" x=\"418\" y=\"-617.8\" font-family=\"Helvetica,sans-Serif\" font-size=\"14.00\">samples = 150</text>\r\n",
       "<text text-anchor=\"start\" x=\"405\" y=\"-602.8\" font-family=\"Helvetica,sans-Serif\" font-size=\"14.00\">value = [50, 50, 50]</text>\r\n",
       "<text text-anchor=\"start\" x=\"419.5\" y=\"-587.8\" font-family=\"Helvetica,sans-Serif\" font-size=\"14.00\">class = setosa</text>\r\n",
       "</g>\r\n",
       "<!-- 1 -->\r\n",
       "<g id=\"node2\" class=\"node\"><title>1</title>\r\n",
       "<path fill=\"#e58139\" stroke=\"black\" d=\"M435,-536.5C435,-536.5 338,-536.5 338,-536.5 332,-536.5 326,-530.5 326,-524.5 326,-524.5 326,-480.5 326,-480.5 326,-474.5 332,-468.5 338,-468.5 338,-468.5 435,-468.5 435,-468.5 441,-468.5 447,-474.5 447,-480.5 447,-480.5 447,-524.5 447,-524.5 447,-530.5 441,-536.5 435,-536.5\"/>\r\n",
       "<text text-anchor=\"start\" x=\"357.5\" y=\"-521.3\" font-family=\"Helvetica,sans-Serif\" font-size=\"14.00\">gini = 0.0</text>\r\n",
       "<text text-anchor=\"start\" x=\"343\" y=\"-506.3\" font-family=\"Helvetica,sans-Serif\" font-size=\"14.00\">samples = 50</text>\r\n",
       "<text text-anchor=\"start\" x=\"334\" y=\"-491.3\" font-family=\"Helvetica,sans-Serif\" font-size=\"14.00\">value = [50, 0, 0]</text>\r\n",
       "<text text-anchor=\"start\" x=\"340.5\" y=\"-476.3\" font-family=\"Helvetica,sans-Serif\" font-size=\"14.00\">class = setosa</text>\r\n",
       "</g>\r\n",
       "<!-- 0&#45;&gt;1 -->\r\n",
       "<g id=\"edge1\" class=\"edge\"><title>0&#45;&gt;1</title>\r\n",
       "<path fill=\"none\" stroke=\"black\" d=\"M438.091,-579.907C430.492,-568.652 422.231,-556.418 414.593,-545.106\"/>\r\n",
       "<polygon fill=\"black\" stroke=\"black\" points=\"417.391,-542.996 408.895,-536.667 411.59,-546.913 417.391,-542.996\"/>\r\n",
       "<text text-anchor=\"middle\" x=\"404.136\" y=\"-557.51\" font-family=\"Helvetica,sans-Serif\" font-size=\"14.00\">True</text>\r\n",
       "</g>\r\n",
       "<!-- 2 -->\r\n",
       "<g id=\"node3\" class=\"node\"><title>2</title>\r\n",
       "<path fill=\"none\" stroke=\"black\" d=\"M612,-544C612,-544 477,-544 477,-544 471,-544 465,-538 465,-532 465,-532 465,-473 465,-473 465,-467 471,-461 477,-461 477,-461 612,-461 612,-461 618,-461 624,-467 624,-473 624,-473 624,-532 624,-532 624,-538 618,-544 612,-544\"/>\r\n",
       "<text text-anchor=\"start\" x=\"473\" y=\"-528.8\" font-family=\"Helvetica,sans-Serif\" font-size=\"14.00\">petal width (cm) ≤ 1.75</text>\r\n",
       "<text text-anchor=\"start\" x=\"515.5\" y=\"-513.8\" font-family=\"Helvetica,sans-Serif\" font-size=\"14.00\">gini = 0.5</text>\r\n",
       "<text text-anchor=\"start\" x=\"497\" y=\"-498.8\" font-family=\"Helvetica,sans-Serif\" font-size=\"14.00\">samples = 100</text>\r\n",
       "<text text-anchor=\"start\" x=\"488\" y=\"-483.8\" font-family=\"Helvetica,sans-Serif\" font-size=\"14.00\">value = [0, 50, 50]</text>\r\n",
       "<text text-anchor=\"start\" x=\"489\" y=\"-468.8\" font-family=\"Helvetica,sans-Serif\" font-size=\"14.00\">class = versicolor</text>\r\n",
       "</g>\r\n",
       "<!-- 0&#45;&gt;2 -->\r\n",
       "<g id=\"edge2\" class=\"edge\"><title>0&#45;&gt;2</title>\r\n",
       "<path fill=\"none\" stroke=\"black\" d=\"M492.909,-579.907C498.914,-571.014 505.331,-561.509 511.529,-552.331\"/>\r\n",
       "<polygon fill=\"black\" stroke=\"black\" points=\"514.444,-554.267 517.14,-544.021 508.643,-550.35 514.444,-554.267\"/>\r\n",
       "<text text-anchor=\"middle\" x=\"521.898\" y=\"-564.864\" font-family=\"Helvetica,sans-Serif\" font-size=\"14.00\">False</text>\r\n",
       "</g>\r\n",
       "<!-- 3 -->\r\n",
       "<g id=\"node4\" class=\"node\"><title>3</title>\r\n",
       "<path fill=\"#39e581\" fill-opacity=\"0.898039\" stroke=\"black\" d=\"M500,-425C500,-425 359,-425 359,-425 353,-425 347,-419 347,-413 347,-413 347,-354 347,-354 347,-348 353,-342 359,-342 359,-342 500,-342 500,-342 506,-342 512,-348 512,-354 512,-354 512,-413 512,-413 512,-419 506,-425 500,-425\"/>\r\n",
       "<text text-anchor=\"start\" x=\"355\" y=\"-409.8\" font-family=\"Helvetica,sans-Serif\" font-size=\"14.00\">petal length (cm) ≤ 4.95</text>\r\n",
       "<text text-anchor=\"start\" x=\"392\" y=\"-394.8\" font-family=\"Helvetica,sans-Serif\" font-size=\"14.00\">gini = 0.168</text>\r\n",
       "<text text-anchor=\"start\" x=\"386\" y=\"-379.8\" font-family=\"Helvetica,sans-Serif\" font-size=\"14.00\">samples = 54</text>\r\n",
       "<text text-anchor=\"start\" x=\"377\" y=\"-364.8\" font-family=\"Helvetica,sans-Serif\" font-size=\"14.00\">value = [0, 49, 5]</text>\r\n",
       "<text text-anchor=\"start\" x=\"374\" y=\"-349.8\" font-family=\"Helvetica,sans-Serif\" font-size=\"14.00\">class = versicolor</text>\r\n",
       "</g>\r\n",
       "<!-- 2&#45;&gt;3 -->\r\n",
       "<g id=\"edge3\" class=\"edge\"><title>2&#45;&gt;3</title>\r\n",
       "<path fill=\"none\" stroke=\"black\" d=\"M504.601,-460.907C495.503,-451.651 485.754,-441.732 476.393,-432.209\"/>\r\n",
       "<polygon fill=\"black\" stroke=\"black\" points=\"478.834,-429.699 469.328,-425.021 473.842,-434.606 478.834,-429.699\"/>\r\n",
       "</g>\r\n",
       "<!-- 12 -->\r\n",
       "<g id=\"node13\" class=\"node\"><title>12</title>\r\n",
       "<path fill=\"#8139e5\" fill-opacity=\"0.976471\" stroke=\"black\" d=\"M731,-425C731,-425 590,-425 590,-425 584,-425 578,-419 578,-413 578,-413 578,-354 578,-354 578,-348 584,-342 590,-342 590,-342 731,-342 731,-342 737,-342 743,-348 743,-354 743,-354 743,-413 743,-413 743,-419 737,-425 731,-425\"/>\r\n",
       "<text text-anchor=\"start\" x=\"586\" y=\"-409.8\" font-family=\"Helvetica,sans-Serif\" font-size=\"14.00\">petal length (cm) ≤ 4.85</text>\r\n",
       "<text text-anchor=\"start\" x=\"623\" y=\"-394.8\" font-family=\"Helvetica,sans-Serif\" font-size=\"14.00\">gini = 0.043</text>\r\n",
       "<text text-anchor=\"start\" x=\"617\" y=\"-379.8\" font-family=\"Helvetica,sans-Serif\" font-size=\"14.00\">samples = 46</text>\r\n",
       "<text text-anchor=\"start\" x=\"608\" y=\"-364.8\" font-family=\"Helvetica,sans-Serif\" font-size=\"14.00\">value = [0, 1, 45]</text>\r\n",
       "<text text-anchor=\"start\" x=\"610.5\" y=\"-349.8\" font-family=\"Helvetica,sans-Serif\" font-size=\"14.00\">class = virginica</text>\r\n",
       "</g>\r\n",
       "<!-- 2&#45;&gt;12 -->\r\n",
       "<g id=\"edge12\" class=\"edge\"><title>2&#45;&gt;12</title>\r\n",
       "<path fill=\"none\" stroke=\"black\" d=\"M584.746,-460.907C593.923,-451.651 603.757,-441.732 613.199,-432.209\"/>\r\n",
       "<polygon fill=\"black\" stroke=\"black\" points=\"615.77,-434.586 620.326,-425.021 610.799,-429.658 615.77,-434.586\"/>\r\n",
       "</g>\r\n",
       "<!-- 4 -->\r\n",
       "<g id=\"node5\" class=\"node\"><title>4</title>\r\n",
       "<path fill=\"#39e581\" fill-opacity=\"0.980392\" stroke=\"black\" d=\"M271,-306C271,-306 136,-306 136,-306 130,-306 124,-300 124,-294 124,-294 124,-235 124,-235 124,-229 130,-223 136,-223 136,-223 271,-223 271,-223 277,-223 283,-229 283,-235 283,-235 283,-294 283,-294 283,-300 277,-306 271,-306\"/>\r\n",
       "<text text-anchor=\"start\" x=\"132\" y=\"-290.8\" font-family=\"Helvetica,sans-Serif\" font-size=\"14.00\">petal width (cm) ≤ 1.65</text>\r\n",
       "<text text-anchor=\"start\" x=\"166\" y=\"-275.8\" font-family=\"Helvetica,sans-Serif\" font-size=\"14.00\">gini = 0.041</text>\r\n",
       "<text text-anchor=\"start\" x=\"160\" y=\"-260.8\" font-family=\"Helvetica,sans-Serif\" font-size=\"14.00\">samples = 48</text>\r\n",
       "<text text-anchor=\"start\" x=\"151\" y=\"-245.8\" font-family=\"Helvetica,sans-Serif\" font-size=\"14.00\">value = [0, 47, 1]</text>\r\n",
       "<text text-anchor=\"start\" x=\"148\" y=\"-230.8\" font-family=\"Helvetica,sans-Serif\" font-size=\"14.00\">class = versicolor</text>\r\n",
       "</g>\r\n",
       "<!-- 3&#45;&gt;4 -->\r\n",
       "<g id=\"edge4\" class=\"edge\"><title>3&#45;&gt;4</title>\r\n",
       "<path fill=\"none\" stroke=\"black\" d=\"M351.09,-341.907C331.632,-331.834 310.66,-320.977 290.805,-310.698\"/>\r\n",
       "<polygon fill=\"black\" stroke=\"black\" points=\"292.261,-307.51 281.771,-306.021 289.042,-313.726 292.261,-307.51\"/>\r\n",
       "</g>\r\n",
       "<!-- 7 -->\r\n",
       "<g id=\"node8\" class=\"node\"><title>7</title>\r\n",
       "<path fill=\"#8139e5\" fill-opacity=\"0.498039\" stroke=\"black\" d=\"M497,-306C497,-306 362,-306 362,-306 356,-306 350,-300 350,-294 350,-294 350,-235 350,-235 350,-229 356,-223 362,-223 362,-223 497,-223 497,-223 503,-223 509,-229 509,-235 509,-235 509,-294 509,-294 509,-300 503,-306 497,-306\"/>\r\n",
       "<text text-anchor=\"start\" x=\"358\" y=\"-290.8\" font-family=\"Helvetica,sans-Serif\" font-size=\"14.00\">petal width (cm) ≤ 1.55</text>\r\n",
       "<text text-anchor=\"start\" x=\"392\" y=\"-275.8\" font-family=\"Helvetica,sans-Serif\" font-size=\"14.00\">gini = 0.444</text>\r\n",
       "<text text-anchor=\"start\" x=\"390\" y=\"-260.8\" font-family=\"Helvetica,sans-Serif\" font-size=\"14.00\">samples = 6</text>\r\n",
       "<text text-anchor=\"start\" x=\"381\" y=\"-245.8\" font-family=\"Helvetica,sans-Serif\" font-size=\"14.00\">value = [0, 2, 4]</text>\r\n",
       "<text text-anchor=\"start\" x=\"379.5\" y=\"-230.8\" font-family=\"Helvetica,sans-Serif\" font-size=\"14.00\">class = virginica</text>\r\n",
       "</g>\r\n",
       "<!-- 3&#45;&gt;7 -->\r\n",
       "<g id=\"edge7\" class=\"edge\"><title>3&#45;&gt;7</title>\r\n",
       "<path fill=\"none\" stroke=\"black\" d=\"M429.5,-341.907C429.5,-333.649 429.5,-324.864 429.5,-316.302\"/>\r\n",
       "<polygon fill=\"black\" stroke=\"black\" points=\"433,-316.021 429.5,-306.021 426,-316.021 433,-316.021\"/>\r\n",
       "</g>\r\n",
       "<!-- 5 -->\r\n",
       "<g id=\"node6\" class=\"node\"><title>5</title>\r\n",
       "<path fill=\"#39e581\" stroke=\"black\" d=\"M115,-179.5C115,-179.5 12,-179.5 12,-179.5 6,-179.5 -7.10543e-015,-173.5 -7.10543e-015,-167.5 -7.10543e-015,-167.5 -7.10543e-015,-123.5 -7.10543e-015,-123.5 -7.10543e-015,-117.5 6,-111.5 12,-111.5 12,-111.5 115,-111.5 115,-111.5 121,-111.5 127,-117.5 127,-123.5 127,-123.5 127,-167.5 127,-167.5 127,-173.5 121,-179.5 115,-179.5\"/>\r\n",
       "<text text-anchor=\"start\" x=\"34.5\" y=\"-164.3\" font-family=\"Helvetica,sans-Serif\" font-size=\"14.00\">gini = 0.0</text>\r\n",
       "<text text-anchor=\"start\" x=\"20\" y=\"-149.3\" font-family=\"Helvetica,sans-Serif\" font-size=\"14.00\">samples = 47</text>\r\n",
       "<text text-anchor=\"start\" x=\"11\" y=\"-134.3\" font-family=\"Helvetica,sans-Serif\" font-size=\"14.00\">value = [0, 47, 0]</text>\r\n",
       "<text text-anchor=\"start\" x=\"8\" y=\"-119.3\" font-family=\"Helvetica,sans-Serif\" font-size=\"14.00\">class = versicolor</text>\r\n",
       "</g>\r\n",
       "<!-- 4&#45;&gt;5 -->\r\n",
       "<g id=\"edge5\" class=\"edge\"><title>4&#45;&gt;5</title>\r\n",
       "<path fill=\"none\" stroke=\"black\" d=\"M154.928,-222.907C140.668,-210.99 125.095,-197.976 110.908,-186.12\"/>\r\n",
       "<polygon fill=\"black\" stroke=\"black\" points=\"113.105,-183.394 103.187,-179.667 108.616,-188.765 113.105,-183.394\"/>\r\n",
       "</g>\r\n",
       "<!-- 6 -->\r\n",
       "<g id=\"node7\" class=\"node\"><title>6</title>\r\n",
       "<path fill=\"#8139e5\" stroke=\"black\" d=\"M249.5,-179.5C249.5,-179.5 157.5,-179.5 157.5,-179.5 151.5,-179.5 145.5,-173.5 145.5,-167.5 145.5,-167.5 145.5,-123.5 145.5,-123.5 145.5,-117.5 151.5,-111.5 157.5,-111.5 157.5,-111.5 249.5,-111.5 249.5,-111.5 255.5,-111.5 261.5,-117.5 261.5,-123.5 261.5,-123.5 261.5,-167.5 261.5,-167.5 261.5,-173.5 255.5,-179.5 249.5,-179.5\"/>\r\n",
       "<text text-anchor=\"start\" x=\"174.5\" y=\"-164.3\" font-family=\"Helvetica,sans-Serif\" font-size=\"14.00\">gini = 0.0</text>\r\n",
       "<text text-anchor=\"start\" x=\"164\" y=\"-149.3\" font-family=\"Helvetica,sans-Serif\" font-size=\"14.00\">samples = 1</text>\r\n",
       "<text text-anchor=\"start\" x=\"155\" y=\"-134.3\" font-family=\"Helvetica,sans-Serif\" font-size=\"14.00\">value = [0, 0, 1]</text>\r\n",
       "<text text-anchor=\"start\" x=\"153.5\" y=\"-119.3\" font-family=\"Helvetica,sans-Serif\" font-size=\"14.00\">class = virginica</text>\r\n",
       "</g>\r\n",
       "<!-- 4&#45;&gt;6 -->\r\n",
       "<g id=\"edge6\" class=\"edge\"><title>4&#45;&gt;6</title>\r\n",
       "<path fill=\"none\" stroke=\"black\" d=\"M203.5,-222.907C203.5,-212.204 203.5,-200.615 203.5,-189.776\"/>\r\n",
       "<polygon fill=\"black\" stroke=\"black\" points=\"207,-189.667 203.5,-179.667 200,-189.667 207,-189.667\"/>\r\n",
       "</g>\r\n",
       "<!-- 8 -->\r\n",
       "<g id=\"node9\" class=\"node\"><title>8</title>\r\n",
       "<path fill=\"#8139e5\" stroke=\"black\" d=\"M383.5,-179.5C383.5,-179.5 291.5,-179.5 291.5,-179.5 285.5,-179.5 279.5,-173.5 279.5,-167.5 279.5,-167.5 279.5,-123.5 279.5,-123.5 279.5,-117.5 285.5,-111.5 291.5,-111.5 291.5,-111.5 383.5,-111.5 383.5,-111.5 389.5,-111.5 395.5,-117.5 395.5,-123.5 395.5,-123.5 395.5,-167.5 395.5,-167.5 395.5,-173.5 389.5,-179.5 383.5,-179.5\"/>\r\n",
       "<text text-anchor=\"start\" x=\"308.5\" y=\"-164.3\" font-family=\"Helvetica,sans-Serif\" font-size=\"14.00\">gini = 0.0</text>\r\n",
       "<text text-anchor=\"start\" x=\"298\" y=\"-149.3\" font-family=\"Helvetica,sans-Serif\" font-size=\"14.00\">samples = 3</text>\r\n",
       "<text text-anchor=\"start\" x=\"289\" y=\"-134.3\" font-family=\"Helvetica,sans-Serif\" font-size=\"14.00\">value = [0, 0, 3]</text>\r\n",
       "<text text-anchor=\"start\" x=\"287.5\" y=\"-119.3\" font-family=\"Helvetica,sans-Serif\" font-size=\"14.00\">class = virginica</text>\r\n",
       "</g>\r\n",
       "<!-- 7&#45;&gt;8 -->\r\n",
       "<g id=\"edge8\" class=\"edge\"><title>7&#45;&gt;8</title>\r\n",
       "<path fill=\"none\" stroke=\"black\" d=\"M397.581,-222.907C388.644,-211.542 378.922,-199.178 369.955,-187.774\"/>\r\n",
       "<polygon fill=\"black\" stroke=\"black\" points=\"372.513,-185.364 363.58,-179.667 367.01,-189.691 372.513,-185.364\"/>\r\n",
       "</g>\r\n",
       "<!-- 9 -->\r\n",
       "<g id=\"node10\" class=\"node\"><title>9</title>\r\n",
       "<path fill=\"#39e581\" fill-opacity=\"0.498039\" stroke=\"black\" d=\"M567,-187C567,-187 426,-187 426,-187 420,-187 414,-181 414,-175 414,-175 414,-116 414,-116 414,-110 420,-104 426,-104 426,-104 567,-104 567,-104 573,-104 579,-110 579,-116 579,-116 579,-175 579,-175 579,-181 573,-187 567,-187\"/>\r\n",
       "<text text-anchor=\"start\" x=\"422\" y=\"-171.8\" font-family=\"Helvetica,sans-Serif\" font-size=\"14.00\">petal length (cm) ≤ 5.45</text>\r\n",
       "<text text-anchor=\"start\" x=\"459\" y=\"-156.8\" font-family=\"Helvetica,sans-Serif\" font-size=\"14.00\">gini = 0.444</text>\r\n",
       "<text text-anchor=\"start\" x=\"457\" y=\"-141.8\" font-family=\"Helvetica,sans-Serif\" font-size=\"14.00\">samples = 3</text>\r\n",
       "<text text-anchor=\"start\" x=\"448\" y=\"-126.8\" font-family=\"Helvetica,sans-Serif\" font-size=\"14.00\">value = [0, 2, 1]</text>\r\n",
       "<text text-anchor=\"start\" x=\"441\" y=\"-111.8\" font-family=\"Helvetica,sans-Serif\" font-size=\"14.00\">class = versicolor</text>\r\n",
       "</g>\r\n",
       "<!-- 7&#45;&gt;9 -->\r\n",
       "<g id=\"edge9\" class=\"edge\"><title>7&#45;&gt;9</title>\r\n",
       "<path fill=\"none\" stroke=\"black\" d=\"M452.745,-222.907C457.734,-214.195 463.059,-204.897 468.215,-195.893\"/>\r\n",
       "<polygon fill=\"black\" stroke=\"black\" points=\"471.364,-197.438 473.296,-187.021 465.289,-193.959 471.364,-197.438\"/>\r\n",
       "</g>\r\n",
       "<!-- 10 -->\r\n",
       "<g id=\"node11\" class=\"node\"><title>10</title>\r\n",
       "<path fill=\"#39e581\" stroke=\"black\" d=\"M478,-68C478,-68 375,-68 375,-68 369,-68 363,-62 363,-56 363,-56 363,-12 363,-12 363,-6 369,-0 375,-0 375,-0 478,-0 478,-0 484,-0 490,-6 490,-12 490,-12 490,-56 490,-56 490,-62 484,-68 478,-68\"/>\r\n",
       "<text text-anchor=\"start\" x=\"397.5\" y=\"-52.8\" font-family=\"Helvetica,sans-Serif\" font-size=\"14.00\">gini = 0.0</text>\r\n",
       "<text text-anchor=\"start\" x=\"387\" y=\"-37.8\" font-family=\"Helvetica,sans-Serif\" font-size=\"14.00\">samples = 2</text>\r\n",
       "<text text-anchor=\"start\" x=\"378\" y=\"-22.8\" font-family=\"Helvetica,sans-Serif\" font-size=\"14.00\">value = [0, 2, 0]</text>\r\n",
       "<text text-anchor=\"start\" x=\"371\" y=\"-7.8\" font-family=\"Helvetica,sans-Serif\" font-size=\"14.00\">class = versicolor</text>\r\n",
       "</g>\r\n",
       "<!-- 9&#45;&gt;10 -->\r\n",
       "<g id=\"edge10\" class=\"edge\"><title>9&#45;&gt;10</title>\r\n",
       "<path fill=\"none\" stroke=\"black\" d=\"M470.435,-103.726C464.837,-94.9703 458.913,-85.7032 453.289,-76.9051\"/>\r\n",
       "<polygon fill=\"black\" stroke=\"black\" points=\"456.123,-74.8399 447.787,-68.2996 450.225,-78.6103 456.123,-74.8399\"/>\r\n",
       "</g>\r\n",
       "<!-- 11 -->\r\n",
       "<g id=\"node12\" class=\"node\"><title>11</title>\r\n",
